
A*  manhattan distance


_______________
[ 8] [ 6] [ 7] 

[ 2] [ 5] [ 4] 

[ 3]      [ 1] 
---------------


_______________
[ 8] [ 6] [ 7] 

[ 2] [ 5] [ 4] 

[ 3] [ 1]      
---------------


_______________
[ 8] [ 6] [ 7] 

[ 2] [ 5]      

[ 3] [ 1] [ 4] 
---------------


_______________
[ 8] [ 6]      

[ 2] [ 5] [ 7] 

[ 3] [ 1] [ 4] 
---------------


_______________
[ 8]      [ 6] 

[ 2] [ 5] [ 7] 

[ 3] [ 1] [ 4] 
---------------


_______________
     [ 8] [ 6] 

[ 2] [ 5] [ 7] 

[ 3] [ 1] [ 4] 
---------------


_______________
[ 2] [ 8] [ 6] 

     [ 5] [ 7] 

[ 3] [ 1] [ 4] 
---------------


_______________
[ 2] [ 8] [ 6] 

[ 5]      [ 7] 

[ 3] [ 1] [ 4] 
---------------


_______________
[ 2] [ 8] [ 6] 

[ 5] [ 1] [ 7] 

[ 3]      [ 4] 
---------------


_______________
[ 2] [ 8] [ 6] 

[ 5] [ 1] [ 7] 

     [ 3] [ 4] 
---------------


_______________
[ 2] [ 8] [ 6] 

     [ 1] [ 7] 

[ 5] [ 3] [ 4] 
---------------


_______________
[ 2] [ 8] [ 6] 

[ 1]      [ 7] 

[ 5] [ 3] [ 4] 
---------------


_______________
[ 2] [ 8] [ 6] 

[ 1] [ 3] [ 7] 

[ 5]      [ 4] 
---------------


_______________
[ 2] [ 8] [ 6] 

[ 1] [ 3] [ 7] 

[ 5] [ 4]      
---------------


_______________
[ 2] [ 8] [ 6] 

[ 1] [ 3]      

[ 5] [ 4] [ 7] 
---------------


_______________
[ 2] [ 8]      

[ 1] [ 3] [ 6] 

[ 5] [ 4] [ 7] 
---------------


_______________
[ 2]      [ 8] 

[ 1] [ 3] [ 6] 

[ 5] [ 4] [ 7] 
---------------


_______________
[ 2] [ 3] [ 8] 

[ 1]      [ 6] 

[ 5] [ 4] [ 7] 
---------------


_______________
[ 2] [ 3] [ 8] 

[ 1] [ 6]      

[ 5] [ 4] [ 7] 
---------------


_______________
[ 2] [ 3]      

[ 1] [ 6] [ 8] 

[ 5] [ 4] [ 7] 
---------------


_______________
[ 2]      [ 3] 

[ 1] [ 6] [ 8] 

[ 5] [ 4] [ 7] 
---------------


_______________
     [ 2] [ 3] 

[ 1] [ 6] [ 8] 

[ 5] [ 4] [ 7] 
---------------


_______________
[ 1] [ 2] [ 3] 

     [ 6] [ 8] 

[ 5] [ 4] [ 7] 
---------------


_______________
[ 1] [ 2] [ 3] 

[ 5] [ 6] [ 8] 

     [ 4] [ 7] 
---------------


_______________
[ 1] [ 2] [ 3] 

[ 5] [ 6] [ 8] 

[ 4]      [ 7] 
---------------


_______________
[ 1] [ 2] [ 3] 

[ 5] [ 6] [ 8] 

[ 4] [ 7]      
---------------


_______________
[ 1] [ 2] [ 3] 

[ 5] [ 6]      

[ 4] [ 7] [ 8] 
---------------


_______________
[ 1] [ 2] [ 3] 

[ 5]      [ 6] 

[ 4] [ 7] [ 8] 
---------------


_______________
[ 1] [ 2] [ 3] 

     [ 5] [ 6] 

[ 4] [ 7] [ 8] 
---------------


_______________
[ 1] [ 2] [ 3] 

[ 4] [ 5] [ 6] 

     [ 7] [ 8] 
---------------


_______________
[ 1] [ 2] [ 3] 

[ 4] [ 5] [ 6] 

[ 7]      [ 8] 
---------------


_______________
[ 1] [ 2] [ 3] 

[ 4] [ 5] [ 6] 

[ 7] [ 8]      
---------------



algoritimo de busca usado : A*

heuristica usada : manhattan distance

quantidade de movimentos : 31

quantidade de nos visitados : 45509

tempo de execucao : 86 ms
