
IDA*  manhattan distance


____________________
[ 5] [ 9] [ 2] [ 1] 

[ 6] [10] [ 4]      

[13] [14] [ 3] [11] 

[ 7] [15] [12] [ 8] 
--------------------


____________________
[ 5] [ 9] [ 2] [ 1] 

[ 6] [10]      [ 4] 

[13] [14] [ 3] [11] 

[ 7] [15] [12] [ 8] 
--------------------


____________________
[ 5] [ 9]      [ 1] 

[ 6] [10] [ 2] [ 4] 

[13] [14] [ 3] [11] 

[ 7] [15] [12] [ 8] 
--------------------


____________________
[ 5] [ 9] [ 1]      

[ 6] [10] [ 2] [ 4] 

[13] [14] [ 3] [11] 

[ 7] [15] [12] [ 8] 
--------------------


____________________
[ 5] [ 9] [ 1] [ 4] 

[ 6] [10] [ 2]      

[13] [14] [ 3] [11] 

[ 7] [15] [12] [ 8] 
--------------------


____________________
[ 5] [ 9] [ 1] [ 4] 

[ 6] [10] [ 2] [11] 

[13] [14] [ 3]      

[ 7] [15] [12] [ 8] 
--------------------


____________________
[ 5] [ 9] [ 1] [ 4] 

[ 6] [10] [ 2] [11] 

[13] [14] [ 3] [ 8] 

[ 7] [15] [12]      
--------------------


____________________
[ 5] [ 9] [ 1] [ 4] 

[ 6] [10] [ 2] [11] 

[13] [14] [ 3] [ 8] 

[ 7] [15]      [12] 
--------------------


____________________
[ 5] [ 9] [ 1] [ 4] 

[ 6] [10] [ 2] [11] 

[13] [14] [ 3] [ 8] 

[ 7]      [15] [12] 
--------------------


____________________
[ 5] [ 9] [ 1] [ 4] 

[ 6] [10] [ 2] [11] 

[13] [14] [ 3] [ 8] 

     [ 7] [15] [12] 
--------------------


____________________
[ 5] [ 9] [ 1] [ 4] 

[ 6] [10] [ 2] [11] 

     [14] [ 3] [ 8] 

[13] [ 7] [15] [12] 
--------------------


____________________
[ 5] [ 9] [ 1] [ 4] 

     [10] [ 2] [11] 

[ 6] [14] [ 3] [ 8] 

[13] [ 7] [15] [12] 
--------------------


____________________
[ 5] [ 9] [ 1] [ 4] 

[10]      [ 2] [11] 

[ 6] [14] [ 3] [ 8] 

[13] [ 7] [15] [12] 
--------------------


____________________
[ 5]      [ 1] [ 4] 

[10] [ 9] [ 2] [11] 

[ 6] [14] [ 3] [ 8] 

[13] [ 7] [15] [12] 
--------------------


____________________
[ 5] [ 1]      [ 4] 

[10] [ 9] [ 2] [11] 

[ 6] [14] [ 3] [ 8] 

[13] [ 7] [15] [12] 
--------------------


____________________
[ 5] [ 1] [ 2] [ 4] 

[10] [ 9]      [11] 

[ 6] [14] [ 3] [ 8] 

[13] [ 7] [15] [12] 
--------------------


____________________
[ 5] [ 1] [ 2] [ 4] 

[10] [ 9] [ 3] [11] 

[ 6] [14]      [ 8] 

[13] [ 7] [15] [12] 
--------------------


____________________
[ 5] [ 1] [ 2] [ 4] 

[10] [ 9] [ 3] [11] 

[ 6] [14] [ 8]      

[13] [ 7] [15] [12] 
--------------------


____________________
[ 5] [ 1] [ 2] [ 4] 

[10] [ 9] [ 3] [11] 

[ 6] [14] [ 8] [12] 

[13] [ 7] [15]      
--------------------


____________________
[ 5] [ 1] [ 2] [ 4] 

[10] [ 9] [ 3] [11] 

[ 6] [14] [ 8] [12] 

[13] [ 7]      [15] 
--------------------


____________________
[ 5] [ 1] [ 2] [ 4] 

[10] [ 9] [ 3] [11] 

[ 6] [14] [ 8] [12] 

[13]      [ 7] [15] 
--------------------


____________________
[ 5] [ 1] [ 2] [ 4] 

[10] [ 9] [ 3] [11] 

[ 6]      [ 8] [12] 

[13] [14] [ 7] [15] 
--------------------


____________________
[ 5] [ 1] [ 2] [ 4] 

[10]      [ 3] [11] 

[ 6] [ 9] [ 8] [12] 

[13] [14] [ 7] [15] 
--------------------


____________________
[ 5] [ 1] [ 2] [ 4] 

     [10] [ 3] [11] 

[ 6] [ 9] [ 8] [12] 

[13] [14] [ 7] [15] 
--------------------


____________________
[ 5] [ 1] [ 2] [ 4] 

[ 6] [10] [ 3] [11] 

     [ 9] [ 8] [12] 

[13] [14] [ 7] [15] 
--------------------


____________________
[ 5] [ 1] [ 2] [ 4] 

[ 6] [10] [ 3] [11] 

[ 9]      [ 8] [12] 

[13] [14] [ 7] [15] 
--------------------


____________________
[ 5] [ 1] [ 2] [ 4] 

[ 6]      [ 3] [11] 

[ 9] [10] [ 8] [12] 

[13] [14] [ 7] [15] 
--------------------


____________________
[ 5] [ 1] [ 2] [ 4] 

     [ 6] [ 3] [11] 

[ 9] [10] [ 8] [12] 

[13] [14] [ 7] [15] 
--------------------


____________________
     [ 1] [ 2] [ 4] 

[ 5] [ 6] [ 3] [11] 

[ 9] [10] [ 8] [12] 

[13] [14] [ 7] [15] 
--------------------


____________________
[ 1]      [ 2] [ 4] 

[ 5] [ 6] [ 3] [11] 

[ 9] [10] [ 8] [12] 

[13] [14] [ 7] [15] 
--------------------


____________________
[ 1] [ 2]      [ 4] 

[ 5] [ 6] [ 3] [11] 

[ 9] [10] [ 8] [12] 

[13] [14] [ 7] [15] 
--------------------


____________________
[ 1] [ 2] [ 3] [ 4] 

[ 5] [ 6]      [11] 

[ 9] [10] [ 8] [12] 

[13] [14] [ 7] [15] 
--------------------


____________________
[ 1] [ 2] [ 3] [ 4] 

[ 5] [ 6] [ 8] [11] 

[ 9] [10]      [12] 

[13] [14] [ 7] [15] 
--------------------


____________________
[ 1] [ 2] [ 3] [ 4] 

[ 5] [ 6] [ 8] [11] 

[ 9] [10] [ 7] [12] 

[13] [14]      [15] 
--------------------


____________________
[ 1] [ 2] [ 3] [ 4] 

[ 5] [ 6] [ 8] [11] 

[ 9] [10] [ 7] [12] 

[13] [14] [15]      
--------------------


____________________
[ 1] [ 2] [ 3] [ 4] 

[ 5] [ 6] [ 8] [11] 

[ 9] [10] [ 7]      

[13] [14] [15] [12] 
--------------------


____________________
[ 1] [ 2] [ 3] [ 4] 

[ 5] [ 6] [ 8]      

[ 9] [10] [ 7] [11] 

[13] [14] [15] [12] 
--------------------


____________________
[ 1] [ 2] [ 3] [ 4] 

[ 5] [ 6]      [ 8] 

[ 9] [10] [ 7] [11] 

[13] [14] [15] [12] 
--------------------


____________________
[ 1] [ 2] [ 3] [ 4] 

[ 5] [ 6] [ 7] [ 8] 

[ 9] [10]      [11] 

[13] [14] [15] [12] 
--------------------


____________________
[ 1] [ 2] [ 3] [ 4] 

[ 5] [ 6] [ 7] [ 8] 

[ 9] [10] [11]      

[13] [14] [15] [12] 
--------------------


____________________
[ 1] [ 2] [ 3] [ 4] 

[ 5] [ 6] [ 7] [ 8] 

[ 9] [10] [11] [12] 

[13] [14] [15]      
--------------------



algoritimo de busca usado : IDA*

heuristica usada : manhattan distance

quantidade de movimentos : 40

quantidade de nos visitados : 107602701

tempo de execucao : 2 minutos 26 segundos 0.178 ms
